D8S1179
8	0.005522088006
9	0.004016064004
10	0.09236947809
11	0.05371485905
12	0.1244979921
13	0.3363453823
14	0.2515060243
15	0.1089357431
16	0.02208835302
17	0.001004016001

D21S11
24.2	0.002008032002
25	0.001004016001
25.2	0.0005020080005
26	0.001004016001
27	0.009036145009
27.2	0.0005020080005
28	0.07530120508
29	0.2068273092
29.2	0.007028112007
30	0.2791164663
30.2	0.02008032102
31	0.07228915707
31.1	0.0005020080005
31.2	0.1154618471
32	0.01054216901
32.1	0.0005020080005
32.2	0.1340361451
32.3	0.0005020080005
33.1	0.002008032002
33.2	0.05170682705
34.2	0.007028112007
35	0.002008032002
35.2	0.0005020080005
36	0.0005020080005

D7S820
6.3	0.001672194583
7	0.01254145787
8	0.09447898245
9	0.05518241425
9.3	0.001699952813
10	0.2826008516
10.3	0.0008360967916
11	0.3043393781
12	0.200663326
13	0.04096876279
14	0.00501658275

CSF1PO
7	0.007525084
8	0.004180602
9	0.015050167
10	0.252508361
11	0.293478261
12	0.359531773
13	0.061036789
14	0.005016722
15	0.001672241

D3S1358
12	0.00083612
13	0.010033445
14	0.048494983
15	0.453177258
16	0.257525084
17	0.142140468
18	0.081103679
19	0.005016722
20	0.001672241

TH01 
6	0.2613065327
7	0.3710217756
8	0.06700167493
9	0.1088777219
9.3	0.1850921268
10	0.005862646994
10.3	0.0008375209992

D13S317
8	0.08277591992
9	0.2073578598
10	0.1170568559
11	0.1973244148
12	0.2215719058
13	0.1204013379
14	0.05351170595

D16S539
8	0.01086956499
9	0.1153846149
10	0.1948160538
11	0.2742474917
12	0.2683946487
13	0.1245819399
14	0.01170568599

D2S441
9	0.004180602008
10	0.4322742479
11	0.2658862885
11.1	0.0008361200017
11.3	0.04013377908
12	0.0501672241
12.3	0.001672241003
13	0.01086956502
14	0.1714046823
15	0.02173913004
16	0.0008361200017

D19S433
10	0.0008375210008
11	0.009212730009
11.2	0.002512563003
12	0.04773869305
12.2	0.02512562803
13	0.1758793972
13.2	0.08877721909
14	0.2797319933
14.2	0.05025125605
15	0.1532663322
15.2	0.09128978209
16	0.04271356804
16.2	0.02680067003
17	0.004187605004
17.2	0.0008375210008
18	0.0008375210008

VWA
11	0.0008361200008
13	0.0008361200008
14	0.06270903006
15	0.07943143808
16	0.3486622073
17	0.2667224083
18	0.1605351172
19	0.07608695708
20	0.004180602004

TPOX
6	0.005016722005
7	0.001672241002
8	0.5158862885
9	0.04849498305
10	0.05100334405
11	0.2608695653
12	0.1153846151
14	0.001672241002

D18S51
9	0.0008695650009
10	0.001739130002
11	0.01478260901
12	0.1043478261
13	0.1208695651
14	0.1869565222
15	0.1739130432
16	0.1008695651
17	0.1600000002
18	0.07391304307
19	0.04000000004
20	0.01826087002
25	0.002608696003
26	0.0008695650009

D5S818
7	0.07107023407
8	0.005016722005
9	0.05016722405
10	0.05852842806
11	0.4489966564
12	0.2483277592
13	0.1086956521
14	0.008361204008
15	0.0008361200008

FGA
15	0.0005580361137
17	0.0005580361137
18	0.008928571813
19	0.08705357167
19.2	0.001116071226
20	0.07087053539
20.2	0.001116071226
21	0.1372767859
22	0.1283482141
22.2	0.002232142453
23	0.1339285712
23.2	0.004464285906
24	0.1422991069
24.3	0.0005580361137
25	0.1601562495
26	0.09151785758
27	0.02455357098
28	0.003906249793
34	0.0005580361137

D1S1656
10	0.001506024002
11	0.01204819301
12	0.06927710807
13	0.1124497991
14	0.1239959841
14.3	0.003012048003
15	0.1521084342
15.3	0.01807228902
16	0.2153614462
16.3	0.03413654603
17	0.04518072305
17.3	0.1641566272
18	0.003012048003
18.3	0.03865461804
19	0.001004016001
19.3	0.006024096006

D10S1248
9	0.0008361200017
11	0.005852843012
12	0.02759197306
13	0.2508361205
14	0.3946488298
15	0.2006688964
16	0.09531772619
17	0.02090301004
18	0.002508361005
19	0.0008361200017

PENTA_E
5	0.02372881402
6	0.0008474580008
7	0.06186440706
8	0.02796610203
9	0.005932203006
10	0.04237288104
11	0.05677966106
12	0.1788135592
13	0.1042372881
14	0.08898305109
15	0.1084745761
16	0.09067796609
17	0.06949152507
18	0.04576271205
19	0.03135593203
20	0.03135593203
21	0.01864406802
22	0.01271186401

D2S1338
13	0.0006
16	0.0219
17	0.1758
18	0.0657
19	0.2084
20	0.1461
21	0.0315
22	0.0708
23	0.1618
24	0.0719
25	0.0337
26	0.0107
27	0.0011

PENTA_D
2.2	0.009197324009
5	0.002508361003
7	0.002508361003
8	0.02759197303
9	0.1872909702
10	0.2491638802
11	0.1413043481
12	0.1429765891
13	0.1688963212
14	0.05936454806
15	0.006688963007
16	0.001672241002
17	0.0008361200008

D12S391
15	0.01969212315
16	0.02868852459
17	0.08426629348
17.3	0.01129548181
18	0.1769292283
18.3	0.006197520992
19	0.2460015994
19.3	0.01179528189
20	0.1825269892
20.3	0.000599760096
21	0.09266293483
22	0.0662734906
23	0.05447820872
24	0.009596161535
25	0.005097960816
26	0.003898440624

D22S1045
10	0.0008375209992
11	0.05695142394
12	0.003350083997
13	0.001675041998
14	0.01340033499
15	0.4581239525
16	0.4053601336
17	0.05695142394
18	0.003350083997

SE33
9	0.002392413839
11	0.002392413839
12	0.009569657357
12.2	0.002392413839
13	0.002392413839
14	0.01913931471
15	0.02631655723
15.2	0.002392413839
16	0.08612691622
16.2	0.007177242518
17	0.07890230332
17.3	0.007200210189
18	0.09569657357
19	0.1004814023
20	0.04067104327
21	0.02870897207
21.2	0.004784828679
22	0.004784828679
22.2	0.01674689988
23.2	0.009569657357
24.2	0.02392414339
25	0.002392413839
25.2	0.03588621459
26.2	0.07655725886
27	0.002392413839
27.2	0.07180209605
28	0.004800140126
28.2	0.05740167567
29.2	0.05980174573
30.2	0.05500160561
31.2	0.05020146548
32.2	0.009600280251
33.2	0.002400070063

DYS391
7	0.0013
8	0.0013
9	0.0703
10	0.5508
11	0.3607
12	0.0143
13	0.0013
